300 # number of points
389 315
370 317
399 306
180 321
188 295
200 340
490 248
478 230
504 225
284 168
303 146
297 189
247 345
241 328
267 351
29 308
46 326
11 336
499 126
491 154
493 102
449 420
464 394
466 406
100 31
109 47
73 35
50 199
68 199
25 223
8 231
22 258
3 256
434 463
446 462
450 482
435 275
435 270
449 250
325 354
350 365
300 383
332 451
318 473
305 480
443 35
419 32
443 9
36 346
42 375
35 372
440 453
460 427
469 429
208 136
184 111
200 122
138 430
153 456
123 436
26 137
35 110
33 153
206 237
218 258
206 250
466 281
478 284
457 292
40 300
14 289
19 274
213 62
237 48
233 80
343 401
359 430
343 416
396 69
420 48
370 93
424 507
416 478
444 511
273 103
294 77
287 103
499 321
474 302
472 295
216 162
212 183
214 142
412 482
399 495
388 490
316 95
342 99
312 117
386 329
377 349
372 354
340 320
327 312
328 296
419 360
408 388
405 389
82 371
92 377
97 399
478 326
496 348
490 341
108 102
116 129
85 76
72 155
51 167
83 126
321 209
320 238
317 238
309 30
337 36
289 49
305 443
334 446
279 444
361 497
348 472
385 471
375 20
388 11
381 20
98 132
80 157
78 158
377 99
393 105
349 99
300 247
310 240
291 272
252 262
249 277
244 239
17 468
42 468
5 486
134 504
119 506
160 486
448 389
457 379
451 389
278 364
282 350
295 352
373 206
357 185
398 186
450 129
458 147
424 104
317 65
339 68
316 73
119 266
99 254
113 237
278 456
297 456
293 480
213 335
223 320
231 328
100 454
104 459
86 442
410 231
422 245
381 239
89 288
114 276
103 282
101 492
105 468
127 468
183 21
169 35
156 9
90 330
78 320
87 315
35 246
38 252
27 259
301 275
329 281
277 293
376 74
376 50
401 48
144 319
138 346
140 316
103 345
89 324
116 337
162 374
188 397
158 373
255 416
226 400
249 402
509 276
488 268
498 249
24 70
33 52
38 64
18 83
2 112
2 101
469 326
475 350
456 346
55 37
28 26
82 15
448 125
446 100
467 138
224 211
226 189
229 216
208 431
207 431
230 409
321 118
346 109
328 144
20 359
21 388
11 342
378 282
366 293
357 283
13 27
18 10
28 31
58 223
65 203
58 245
403 320
410 348
382 348
435 305
439 307
416 296
345 301
345 284
363 324
52 58
34 43
61 60
325 478
347 456
336 496
99 509
83 489
100 488
367 37
361 38
343 9
358 86
335 89
352 59
184 171
199 197
167 174
461 178
449 186
441 179
160 278
141 299
132 273
372 172
377 147
391 164
78 470
51 481
74 441
95 2
102 19
95 22
511 18
500 35
508 15
100 # number of triangles
1 2 3 1
4 5 6 4
7 8 9 7
10 11 12 10
13 14 15 13
16 17 18 16
19 20 21 19
22 23 24 22
25 26 27 25
28 29 30 28
31 32 33 31
34 35 36 34
37 38 39 37
40 41 42 40
43 44 45 43
46 47 48 46
49 50 51 49
52 53 54 52
55 56 57 55
58 59 60 58
61 62 63 61
64 65 66 64
67 68 69 67
70 71 72 70
73 74 75 73
76 77 78 76
79 80 81 79
82 83 84 82
85 86 87 85
88 89 90 88
91 92 93 91
94 95 96 94
97 98 99 97
100 101 102 100
103 104 105 103
106 107 108 106
109 110 111 109
112 113 114 112
115 116 117 115
118 119 120 118
121 122 123 121
124 125 126 124
127 128 129 127
130 131 132 130
133 134 135 133
136 137 138 136
139 140 141 139
142 143 144 142
145 146 147 145
148 149 150 148
151 152 153 151
154 155 156 154
157 158 159 157
160 161 162 160
163 164 165 163
166 167 168 166
169 170 171 169
172 173 174 172
175 176 177 175
178 179 180 178
181 182 183 181
184 185 186 184
187 188 189 187
190 191 192 190
193 194 195 193
196 197 198 196
199 200 201 199
202 203 204 202
205 206 207 205
208 209 210 208
211 212 213 211
214 215 216 214
217 218 219 217
220 221 222 220
223 224 225 223
226 227 228 226
229 230 231 229
232 233 234 232
235 236 237 235
238 239 240 238
241 242 243 241
244 245 246 244
247 248 249 247
250 251 252 250
253 254 255 253
256 257 258 256
259 260 261 259
262 263 264 262
265 266 267 265
268 269 270 268
271 272 273 271
274 275 276 274
277 278 279 277
280 281 282 280
283 284 285 283
286 287 288 286
289 290 291 289
292 293 294 292
295 296 297 295
298 299 300 298
