450 # number of points
21 331
50 359
22 347
218 432
194 417
226 426
304 306
290 282
327 313
501 64
481 84
481 35
477 46
477 70
472 27
57 76
79 99
34 88
502 281
505 291
502 306
118 480
117 500
112 504
434 184
452 173
439 195
17 415
29 418
17 419
110 289
131 266
128 275
290 23
278 23
307 0
302 492
319 492
323 511
446 347
474 329
465 357
30 169
9 159
5 155
322 397
295 388
321 396
304 114
290 90
333 97
330 120
358 137
317 137
20 465
35 479
15 490
363 175
339 169
384 164
498 388
488 368
498 379
188 446
164 429
166 430
117 41
96 26
95 22
494 437
475 410
495 424
321 247
303 265
321 219
60 74
56 76
50 71
261 193
250 186
286 190
279 117
288 129
261 144
123 117
128 125
101 88
253 97
234 97
246 87
208 460
233 443
187 478
310 59
317 73
303 84
393 481
418 474
409 483
422 360
428 349
439 336
31 443
38 447
30 458
133 49
152 48
132 71
235 459
262 440
229 475
449 444
422 460
431 445
84 61
69 41
84 60
110 166
121 176
123 189
388 29
387 4
404 57
27 160
42 168
24 163
290 438
316 443
266 467
144 106
170 112
144 122
360 218
356 226
346 245
153 199
130 178
166 174
334 109
339 105
342 105
14 217
6 235
3 191
212 381
200 374
226 373
309 136
314 139
309 146
446 368
444 383
427 397
509 500
511 484
508 510
466 318
463 304
478 327
281 317
258 300
295 292
156 343
135 328
179 349
104 340
97 356
96 344
352 222
328 209
352 206
277 387
276 403
272 365
225 16
201 22
251 2
353 211
353 199
359 203
19 116
25 120
6 143
3 437
24 420
18 431
61 334
85 322
76 363
183 390
163 414
156 369
183 269
160 247
187 268
398 141
381 137
411 142
11 510
4 506
19 503
288 343
290 368
273 361
313 411
333 411
340 413
99 2
99 8
77 24
487 482
485 511
477 463
131 475
122 476
120 474
179 36
167 37
157 7
301 422
292 407
319 428
127 208
138 193
123 230
265 250
260 274
248 242
88 143
61 164
97 116
429 244
455 255
423 252
155 47
167 72
149 60
404 242
425 244
402 266
121 161
146 167
125 163
363 364
356 361
374 336
291 343
303 337
315 353
115 271
87 284
97 268
44 25
20 7
72 30
363 72
359 77
344 80
463 89
478 102
475 109
143 274
125 248
165 301
86 434
60 415
89 424
510 96
510 110
505 98
384 488
389 464
401 465
201 338
224 362
186 337
374 466
375 494
365 437
47 139
33 133
66 138
120 197
95 218
98 197
320 324
300 333
300 312
470 18
477 8
463 42
378 142
369 133
369 132
117 403
141 391
128 428
500 159
494 130
509 148
148 248
143 262
142 243
417 485
446 490
395 487
236 141
250 141
252 145
29 41
54 45
57 60
445 25
429 15
433 5
188 17
172 7
178 2
456 128
459 118
467 133
241 361
233 338
258 388
154 401
144 388
161 406
403 296
381 323
386 286
303 27
297 31
276 37
292 65
315 48
292 87
410 276
428 280
405 290
246 207
241 215
239 213
268 67
246 49
252 46
331 343
335 333
346 341
5 141
0 119
16 120
252 342
257 337
252 346
509 418
505 392
509 406
139 412
153 429
128 434
337 468
364 492
345 495
446 216
459 201
455 224
41 274
23 282
51 249
155 356
147 350
182 356
222 40
221 34
243 63
74 7
45 5
70 5
483 281
505 266
456 304
309 41
282 60
296 39
406 418
382 405
406 398
26 294
32 292
26 297
410 136
415 132
421 155
434 379
408 406
430 359
353 56
376 74
334 60
477 428
472 402
486 450
35 117
25 102
35 91
154 132
180 136
152 142
481 223
456 225
492 219
510 415
511 405
509 440
421 59
422 77
416 77
91 219
119 215
105 247
320 307
334 285
338 295
208 287
217 306
201 289
360 421
334 408
342 396
241 320
234 332
218 328
382 201
361 208
386 198
287 96
281 106
277 98
207 96
207 122
185 69
66 351
58 341
56 325
270 286
279 268
280 295
67 244
43 269
58 253
150 # number of triangles
1 2 3 1
4 5 6 4
7 8 9 7
10 11 12 10
13 14 15 13
16 17 18 16
19 20 21 19
22 23 24 22
25 26 27 25
28 29 30 28
31 32 33 31
34 35 36 34
37 38 39 37
40 41 42 40
43 44 45 43
46 47 48 46
49 50 51 49
52 53 54 52
55 56 57 55
58 59 60 58
61 62 63 61
64 65 66 64
67 68 69 67
70 71 72 70
73 74 75 73
76 77 78 76
79 80 81 79
82 83 84 82
85 86 87 85
88 89 90 88
91 92 93 91
94 95 96 94
97 98 99 97
100 101 102 100
103 104 105 103
106 107 108 106
109 110 111 109
112 113 114 112
115 116 117 115
118 119 120 118
121 122 123 121
124 125 126 124
127 128 129 127
130 131 132 130
133 134 135 133
136 137 138 136
139 140 141 139
142 143 144 142
145 146 147 145
148 149 150 148
151 152 153 151
154 155 156 154
157 158 159 157
160 161 162 160
163 164 165 163
166 167 168 166
169 170 171 169
172 173 174 172
175 176 177 175
178 179 180 178
181 182 183 181
184 185 186 184
187 188 189 187
190 191 192 190
193 194 195 193
196 197 198 196
199 200 201 199
202 203 204 202
205 206 207 205
208 209 210 208
211 212 213 211
214 215 216 214
217 218 219 217
220 221 222 220
223 224 225 223
226 227 228 226
229 230 231 229
232 233 234 232
235 236 237 235
238 239 240 238
241 242 243 241
244 245 246 244
247 248 249 247
250 251 252 250
253 254 255 253
256 257 258 256
259 260 261 259
262 263 264 262
265 266 267 265
268 269 270 268
271 272 273 271
274 275 276 274
277 278 279 277
280 281 282 280
283 284 285 283
286 287 288 286
289 290 291 289
292 293 294 292
295 296 297 295
298 299 300 298
301 302 303 301
304 305 306 304
307 308 309 307
310 311 312 310
313 314 315 313
316 317 318 316
319 320 321 319
322 323 324 322
325 326 327 325
328 329 330 328
331 332 333 331
334 335 336 334
337 338 339 337
340 341 342 340
343 344 345 343
346 347 348 346
349 350 351 349
352 353 354 352
355 356 357 355
358 359 360 358
361 362 363 361
364 365 366 364
367 368 369 367
370 371 372 370
373 374 375 373
376 377 378 376
379 380 381 379
382 383 384 382
385 386 387 385
388 389 390 388
391 392 393 391
394 395 396 394
397 398 399 397
400 401 402 400
403 404 405 403
406 407 408 406
409 410 411 409
412 413 414 412
415 416 417 415
418 419 420 418
421 422 423 421
424 425 426 424
427 428 429 427
430 431 432 430
433 434 435 433
436 437 438 436
439 440 441 439
442 443 444 442
445 446 447 445
448 449 450 448
