600 # number of points
402 222
414 247
380 229
47 432
20 421
70 419
69 280
54 268
52 262
15 281
28 280
35 307
297 489
311 508
276 485
15 115
29 129
25 134
189 468
164 468
167 445
177 475
161 501
149 496
277 197
285 212
286 220
324 277
331 275
323 282
361 178
369 202
332 166
473 130
502 101
471 141
36 368
33 372
17 354
505 135
503 161
500 157
381 321
378 350
354 321
19 215
7 235
19 194
273 123
273 150
256 128
449 115
476 120
424 114
76 307
90 312
47 333
33 73
44 50
50 69
336 246
336 267
308 217
189 217
202 221
163 242
312 323
292 352
291 323
75 356
53 342
70 338
301 469
289 470
284 440
243 10
266 20
228 19
403 64
401 61
401 56
304 195
293 216
275 170
362 381
360 394
351 374
412 232
388 207
420 213
172 440
171 429
193 457
223 445
220 453
232 417
142 23
114 49
116 19
374 247
381 237
368 261
221 234
199 215
223 210
340 56
368 75
331 56
35 183
15 168
60 192
349 31
324 50
352 17
434 71
406 51
448 42
2 69
18 92
11 94
192 2
219 24
177 14
7 103
14 109
3 129
185 262
187 256
211 233
168 180
153 193
147 162
381 241
388 245
388 268
31 211
50 196
55 202
112 98
111 100
94 127
222 156
231 163
198 163
300 363
274 375
325 340
317 39
300 44
296 39
350 5
333 0
361 8
487 483
484 508
479 502
493 92
487 106
478 74
503 396
498 371
504 379
262 329
265 312
270 336
486 46
473 35
507 51
84 485
77 465
111 501
93 199
116 203
97 214
235 38
216 31
244 35
143 89
142 83
158 80
456 400
456 394
469 398
189 209
215 201
189 215
103 338
108 354
74 360
331 29
331 40
322 10
282 262
285 279
268 263
254 384
247 375
272 385
489 134
489 132
491 145
11 460
15 472
9 480
158 19
157 13
181 26
153 162
139 137
172 182
206 89
214 81
222 75
102 237
93 217
114 243
379 195
406 172
371 222
478 275
455 294
468 257
335 390
357 396
346 395
188 66
168 50
188 53
286 296
276 296
271 267
318 68
346 84
315 93
497 266
501 280
482 290
204 23
181 42
176 36
117 117
134 93
128 111
468 225
487 254
480 252
393 205
387 203
416 203
213 498
184 477
242 495
78 5
84 22
67 12
316 449
296 449
305 442
140 443
111 442
126 425
193 144
178 130
218 148
263 20
250 35
239 24
456 90
453 109
441 65
242 167
226 166
271 149
72 474
88 503
64 477
400 356
416 375
382 356
118 508
115 487
118 484
419 310
390 324
420 290
129 414
143 392
149 396
61 188
56 169
75 214
292 123
264 98
303 113
450 404
450 378
471 399
128 335
102 321
142 335
509 462
491 474
494 441
3 356
4 328
14 354
470 314
476 323
477 343
431 430
417 407
459 458
327 96
332 102
327 104
228 437
246 438
254 447
293 141
320 128
317 145
413 413
403 411
399 405
147 182
154 210
135 153
365 253
369 279
338 246
145 379
130 363
173 405
1 464
1 436
17 442
416 252
416 237
432 268
66 230
55 252
60 213
59 158
84 148
79 166
50 242
55 220
54 259
509 330
493 346
486 346
451 6
442 16
435 15
141 457
155 459
137 472
99 235
99 253
95 262
11 489
33 495
0 492
310 282
292 277
312 260
360 420
383 442
335 420
218 306
244 318
211 310
41 332
23 331
28 328
277 138
275 120
277 125
446 318
462 322
452 339
184 376
158 379
196 364
174 115
180 122
170 135
423 190
408 162
415 167
231 247
247 263
213 247
219 107
217 94
234 91
188 93
168 79
198 81
510 63
498 67
486 62
94 446
89 450
72 460
201 404
186 410
190 377
56 446
40 439
61 434
35 58
22 84
22 38
57 113
63 110
79 117
173 306
174 319
152 305
64 440
71 418
77 419
385 138
374 166
365 145
128 231
120 247
115 239
216 136
221 134
211 141
443 54
458 35
465 42
8 250
23 270
10 265
95 52
73 48
109 40
271 429
290 403
282 439
36 30
33 47
17 28
446 243
428 254
420 215
467 473
453 467
445 459
196 270
216 255
213 269
54 286
33 266
57 272
491 185
493 170
493 192
24 108
12 107
38 98
238 342
248 363
223 332
298 186
298 163
309 172
46 23
36 1
66 40
413 7
394 23
385 19
20 471
11 454
37 469
173 264
177 260
169 278
438 500
424 511
449 488
332 184
338 174
323 205
260 413
266 440
252 434
245 467
268 483
228 471
231 381
234 401
203 366
162 304
140 291
186 277
408 470
431 496
380 492
492 381
498 398
471 379
63 378
92 404
38 376
369 278
379 260
389 296
49 96
47 83
65 99
225 366
213 366
228 359
202 302
206 279
204 326
195 320
192 348
167 319
265 67
279 41
286 71
464 205
492 203
489 218
407 340
432 337
420 344
20 147
49 142
18 158
356 62
342 47
339 41
427 34
456 18
437 29
302 246
324 256
294 266
164 363
139 358
161 355
1 171
6 146
9 199
138 476
137 500
115 478
219 336
221 355
199 342
330 414
341 435
332 430
506 301
506 302
483 307
269 492
255 501
254 487
115 166
113 171
106 155
416 416
393 388
421 419
464 455
487 452
470 481
337 337
352 349
337 339
249 391
249 402
230 417
396 444
420 435
397 473
434 354
429 339
457 375
257 302
265 302
247 306
181 119
200 98
209 125
500 397
496 385
509 409
413 200
413 192
418 192
200 # number of triangles
1 2 3 1
4 5 6 4
7 8 9 7
10 11 12 10
13 14 15 13
16 17 18 16
19 20 21 19
22 23 24 22
25 26 27 25
28 29 30 28
31 32 33 31
34 35 36 34
37 38 39 37
40 41 42 40
43 44 45 43
46 47 48 46
49 50 51 49
52 53 54 52
55 56 57 55
58 59 60 58
61 62 63 61
64 65 66 64
67 68 69 67
70 71 72 70
73 74 75 73
76 77 78 76
79 80 81 79
82 83 84 82
85 86 87 85
88 89 90 88
91 92 93 91
94 95 96 94
97 98 99 97
100 101 102 100
103 104 105 103
106 107 108 106
109 110 111 109
112 113 114 112
115 116 117 115
118 119 120 118
121 122 123 121
124 125 126 124
127 128 129 127
130 131 132 130
133 134 135 133
136 137 138 136
139 140 141 139
142 143 144 142
145 146 147 145
148 149 150 148
151 152 153 151
154 155 156 154
157 158 159 157
160 161 162 160
163 164 165 163
166 167 168 166
169 170 171 169
172 173 174 172
175 176 177 175
178 179 180 178
181 182 183 181
184 185 186 184
187 188 189 187
190 191 192 190
193 194 195 193
196 197 198 196
199 200 201 199
202 203 204 202
205 206 207 205
208 209 210 208
211 212 213 211
214 215 216 214
217 218 219 217
220 221 222 220
223 224 225 223
226 227 228 226
229 230 231 229
232 233 234 232
235 236 237 235
238 239 240 238
241 242 243 241
244 245 246 244
247 248 249 247
250 251 252 250
253 254 255 253
256 257 258 256
259 260 261 259
262 263 264 262
265 266 267 265
268 269 270 268
271 272 273 271
274 275 276 274
277 278 279 277
280 281 282 280
283 284 285 283
286 287 288 286
289 290 291 289
292 293 294 292
295 296 297 295
298 299 300 298
301 302 303 301
304 305 306 304
307 308 309 307
310 311 312 310
313 314 315 313
316 317 318 316
319 320 321 319
322 323 324 322
325 326 327 325
328 329 330 328
331 332 333 331
334 335 336 334
337 338 339 337
340 341 342 340
343 344 345 343
346 347 348 346
349 350 351 349
352 353 354 352
355 356 357 355
358 359 360 358
361 362 363 361
364 365 366 364
367 368 369 367
370 371 372 370
373 374 375 373
376 377 378 376
379 380 381 379
382 383 384 382
385 386 387 385
388 389 390 388
391 392 393 391
394 395 396 394
397 398 399 397
400 401 402 400
403 404 405 403
406 407 408 406
409 410 411 409
412 413 414 412
415 416 417 415
418 419 420 418
421 422 423 421
424 425 426 424
427 428 429 427
430 431 432 430
433 434 435 433
436 437 438 436
439 440 441 439
442 443 444 442
445 446 447 445
448 449 450 448
451 452 453 451
454 455 456 454
457 458 459 457
460 461 462 460
463 464 465 463
466 467 468 466
469 470 471 469
472 473 474 472
475 476 477 475
478 479 480 478
481 482 483 481
484 485 486 484
487 488 489 487
490 491 492 490
493 494 495 493
496 497 498 496
499 500 501 499
502 503 504 502
505 506 507 505
508 509 510 508
511 512 513 511
514 515 516 514
517 518 519 517
520 521 522 520
523 524 525 523
526 527 528 526
529 530 531 529
532 533 534 532
535 536 537 535
538 539 540 538
541 542 543 541
544 545 546 544
547 548 549 547
550 551 552 550
553 554 555 553
556 557 558 556
559 560 561 559
562 563 564 562
565 566 567 565
568 569 570 568
571 572 573 571
574 575 576 574
577 578 579 577
580 581 582 580
583 584 585 583
586 587 588 586
589 590 591 589
592 593 594 592
595 596 597 595
598 599 600 598
