300 # number of points
200 275
214 270
213 285
400 255
382 251
397 253
153 274
128 247
150 262
157 304
147 319
154 306
416 501
387 473
405 489
421 106
420 108
395 123
456 52
451 36
448 25
487 342
485 331
509 359
46 411
20 401
61 410
350 121
366 102
329 149
421 438
443 464
413 443
367 149
372 142
384 175
234 510
209 503
216 491
251 71
263 80
222 69
141 4
112 12
136 4
57 92
66 74
71 96
15 287
11 270
36 293
210 234
230 206
235 218
39 504
18 506
39 492
442 320
433 337
445 296
410 22
382 39
416 10
249 254
228 231
276 271
419 268
408 262
443 243
130 371
120 360
150 371
5 408
3 422
2 401
473 499
455 510
452 486
252 60
245 54
275 31
50 234
45 225
66 207
10 7
27 3
13 26
318 170
308 191
299 167
237 218
232 196
246 230
299 503
308 491
313 511
365 175
345 171
386 176
371 325
386 339
381 343
333 312
340 312
359 317
52 52
66 38
42 74
481 88
485 77
490 95
454 425
465 414
453 437
437 476
448 503
417 457
412 492
407 464
418 475
185 326
182 319
192 305
278 210
295 201
271 237
300 91
322 90
296 119
290 283
269 302
262 283
258 379
257 369
276 361
241 479
241 473
251 468
181 368
196 353
202 352
24 332
43 354
0 347
466 52
478 34
473 47
347 239
340 225
371 225
274 238
296 241
246 241
268 188
258 167
286 178
57 382
59 390
47 381
121 109
113 132
118 81
82 321
108 309
68 348
167 171
174 171
182 190
149 457
132 469
130 456
498 497
479 495
471 493
272 147
264 146
272 132
291 372
264 380
286 352
49 299
42 297
59 299
9 117
12 133
11 135
257 302
251 300
238 278
111 335
110 364
111 334
62 382
85 389
63 403
483 263
466 235
506 260
169 382
186 376
181 406
167 33
177 43
170 54
393 89
411 61
409 79
361 127
353 139
332 151
11 447
34 474
26 469
138 237
165 262
117 224
249 37
223 37
242 33
270 109
269 107
281 122
166 467
153 453
153 444
64 206
41 223
84 188
3 461
5 453
7 478
379 284
364 282
375 279
88 68
101 89
94 81
4 267
19 256
14 270
88 127
86 108
110 128
241 426
222 428
243 403
33 65
49 89
30 94
463 194
478 217
452 213
366 354
394 348
364 382
182 461
154 438
206 464
470 453
441 450
474 450
443 378
428 359
431 351
221 340
197 336
233 333
181 239
186 246
196 267
245 360
248 341
264 347
41 381
14 393
18 360
303 60
289 71
281 40
4 190
17 171
21 202
127 27
113 55
102 3
168 497
174 480
174 487
68 246
56 272
54 251
473 224
500 235
498 247
504 11
488 0
511 6
91 194
118 168
89 223
100 # number of triangles
1 2 3 1
4 5 6 4
7 8 9 7
10 11 12 10
13 14 15 13
16 17 18 16
19 20 21 19
22 23 24 22
25 26 27 25
28 29 30 28
31 32 33 31
34 35 36 34
37 38 39 37
40 41 42 40
43 44 45 43
46 47 48 46
49 50 51 49
52 53 54 52
55 56 57 55
58 59 60 58
61 62 63 61
64 65 66 64
67 68 69 67
70 71 72 70
73 74 75 73
76 77 78 76
79 80 81 79
82 83 84 82
85 86 87 85
88 89 90 88
91 92 93 91
94 95 96 94
97 98 99 97
100 101 102 100
103 104 105 103
106 107 108 106
109 110 111 109
112 113 114 112
115 116 117 115
118 119 120 118
121 122 123 121
124 125 126 124
127 128 129 127
130 131 132 130
133 134 135 133
136 137 138 136
139 140 141 139
142 143 144 142
145 146 147 145
148 149 150 148
151 152 153 151
154 155 156 154
157 158 159 157
160 161 162 160
163 164 165 163
166 167 168 166
169 170 171 169
172 173 174 172
175 176 177 175
178 179 180 178
181 182 183 181
184 185 186 184
187 188 189 187
190 191 192 190
193 194 195 193
196 197 198 196
199 200 201 199
202 203 204 202
205 206 207 205
208 209 210 208
211 212 213 211
214 215 216 214
217 218 219 217
220 221 222 220
223 224 225 223
226 227 228 226
229 230 231 229
232 233 234 232
235 236 237 235
238 239 240 238
241 242 243 241
244 245 246 244
247 248 249 247
250 251 252 250
253 254 255 253
256 257 258 256
259 260 261 259
262 263 264 262
265 266 267 265
268 269 270 268
271 272 273 271
274 275 276 274
277 278 279 277
280 281 282 280
283 284 285 283
286 287 288 286
289 290 291 289
292 293 294 292
295 296 297 295
298 299 300 298
