60 # number of points
495 149
501 176
489 148
89 23
127 5
85 51
324 260
331 220
329 268
457 20
471 6
480 54
218 199
205 233
193 219
284 167
279 166
279 143
164 352
124 361
202 330
468 100
491 83
464 145
32 113
62 161
23 122
288 330
281 284
301 283
261 81
253 85
279 37
505 501
497 480
498 461
12 364
34 358
7 393
158 83
194 70
166 110
294 187
310 235
268 175
466 217
497 210
503 223
176 394
142 373
150 373
47 280
52 309
33 317
131 221
82 261
86 198
339 357
373 367
378 386
20 # number of triangles
1 2 3 1
4 5 6 4
7 8 9 7
10 11 12 10
13 14 15 13
16 17 18 16
19 20 21 19
22 23 24 22
25 26 27 25
28 29 30 28
31 32 33 31
34 35 36 34
37 38 39 37
40 41 42 40
43 44 45 43
46 47 48 46
49 50 51 49
52 53 54 52
55 56 57 55
58 59 60 58
