60 # number of points
384 300
405 337
383 349
395 252
374 237
401 244
57 507
94 485
96 496
166 399
144 423
130 387
333 67
350 88
346 109
504 84
510 117
462 64
88 235
88 206
117 273
349 463
375 492
347 474
374 420
332 382
397 420
266 499
253 471
288 508
15 395
40 432
28 426
209 1
196 17
175 23
476 297
427 341
459 271
287 13
286 59
239 17
274 312
229 275
314 279
171 456
199 489
157 495
45 143
85 133
72 187
216 375
243 389
176 368
152 101
136 132
139 99
264 156
288 202
225 126
20 # number of triangles
1 2 3 1
4 5 6 4
7 8 9 7
10 11 12 10
13 14 15 13
16 17 18 16
19 20 21 19
22 23 24 22
25 26 27 25
28 29 30 28
31 32 33 31
34 35 36 34
37 38 39 37
40 41 42 40
43 44 45 43
46 47 48 46
49 50 51 49
52 53 54 52
55 56 57 55
58 59 60 58
