450 # number of points
112 430
103 448
115 418
473 259
444 244
464 246
267 187
269 172
268 213
302 1
293 18
296 1
427 149
434 144
452 173
334 402
322 419
331 375
404 4
401 9
377 19
71 227
51 240
63 224
49 398
41 411
50 374
126 377
127 369
139 360
336 484
363 469
341 509
178 203
166 211
182 197
73 244
59 238
76 237
439 220
442 219
436 246
176 30
183 7
174 54
302 319
330 310
323 324
47 274
70 288
63 303
48 37
20 29
34 13
297 499
314 474
317 503
472 22
445 50
456 8
22 70
31 69
44 80
423 498
446 499
411 502
387 340
416 340
402 353
252 349
262 345
277 365
333 302
332 289
341 290
52 361
33 352
70 365
510 47
489 45
501 28
371 352
354 370
371 326
328 106
350 121
325 125
66 274
50 266
53 267
411 214
419 226
395 239
67 1
76 25
62 12
48 125
42 100
55 152
436 422
425 418
419 404
412 400
384 398
390 390
198 509
210 481
225 483
511 143
499 126
509 128
330 171
352 195
322 174
85 172
70 199
57 195
458 460
442 438
482 470
99 212
115 218
76 231
288 454
283 455
277 451
130 457
116 483
114 428
254 123
227 130
277 103
457 168
439 144
485 173
319 85
344 92
335 91
420 193
404 173
436 210
83 79
88 66
83 97
119 315
121 328
108 289
438 47
439 63
417 49
315 224
318 206
325 229
447 304
431 320
454 287
426 371
418 366
450 351
137 81
157 66
153 81
503 511
479 494
482 489
302 245
310 263
278 261
390 46
393 54
382 31
320 373
304 357
338 372
270 248
274 238
288 229
230 484
227 499
211 508
499 232
507 244
498 257
8 238
22 251
20 255
283 214
309 230
268 216
141 213
128 242
138 218
461 225
474 226
441 225
16 199
16 224
12 180
267 257
271 278
270 286
274 143
302 121
250 162
109 387
88 361
116 365
314 416
292 401
303 397
363 442
375 465
340 470
398 243
400 258
387 268
494 412
495 395
496 432
47 496
43 499
50 489
460 80
460 103
435 69
488 317
474 323
469 314
385 184
385 199
368 196
472 324
448 303
468 311
195 68
193 42
219 53
180 412
185 386
201 393
59 340
85 333
38 351
186 423
187 432
187 434
509 466
480 438
509 453
66 44
90 44
49 55
166 264
183 266
181 269
163 383
140 412
158 389
406 388
388 378
432 389
231 175
233 153
248 159
123 177
127 148
128 204
304 146
316 171
288 134
405 462
379 478
387 439
352 121
340 92
367 109
510 3
495 31
491 14
81 346
99 339
100 348
211 78
211 94
201 86
107 271
116 293
78 261
400 297
372 301
418 275
225 383
231 373
243 366
492 247
481 221
498 230
172 241
172 216
185 241
273 389
265 413
262 398
15 107
40 120
5 108
44 444
31 419
34 420
472 111
473 133
469 117
274 487
286 466
288 479
22 208
35 208
26 230
5 90
1 61
20 84
85 492
114 477
94 489
140 429
166 451
159 455
203 226
219 222
203 237
186 174
159 186
185 174
341 246
348 274
318 266
361 434
342 418
370 408
152 133
138 159
150 107
5 134
15 125
13 155
330 40
345 16
333 42
201 288
188 302
196 277
268 38
246 66
278 19
430 474
423 471
451 464
59 408
83 401
84 413
141 270
123 264
164 273
183 452
166 455
175 447
80 300
75 274
98 316
157 496
157 471
177 469
418 478
420 497
414 484
134 477
156 472
106 499
101 241
127 240
125 263
102 334
100 309
127 350
18 394
28 402
18 398
463 195
463 192
484 215
61 71
66 82
52 56
5 217
15 217
12 219
30 241
22 229
50 244
180 137
207 157
161 160
237 444
243 467
225 462
96 112
76 126
84 96
324 456
311 462
317 434
466 335
482 327
445 352
308 449
288 433
298 426
229 94
219 79
251 70
489 391
466 401
473 384
360 295
370 286
371 312
135 25
109 9
124 18
227 145
198 146
216 118
399 99
420 116
400 121
130 381
142 387
130 400
377 500
363 511
369 477
291 79
265 56
278 58
107 72
83 55
132 53
270 422
286 447
244 436
150 # number of triangles
1 2 3 1
4 5 6 4
7 8 9 7
10 11 12 10
13 14 15 13
16 17 18 16
19 20 21 19
22 23 24 22
25 26 27 25
28 29 30 28
31 32 33 31
34 35 36 34
37 38 39 37
40 41 42 40
43 44 45 43
46 47 48 46
49 50 51 49
52 53 54 52
55 56 57 55
58 59 60 58
61 62 63 61
64 65 66 64
67 68 69 67
70 71 72 70
73 74 75 73
76 77 78 76
79 80 81 79
82 83 84 82
85 86 87 85
88 89 90 88
91 92 93 91
94 95 96 94
97 98 99 97
100 101 102 100
103 104 105 103
106 107 108 106
109 110 111 109
112 113 114 112
115 116 117 115
118 119 120 118
121 122 123 121
124 125 126 124
127 128 129 127
130 131 132 130
133 134 135 133
136 137 138 136
139 140 141 139
142 143 144 142
145 146 147 145
148 149 150 148
151 152 153 151
154 155 156 154
157 158 159 157
160 161 162 160
163 164 165 163
166 167 168 166
169 170 171 169
172 173 174 172
175 176 177 175
178 179 180 178
181 182 183 181
184 185 186 184
187 188 189 187
190 191 192 190
193 194 195 193
196 197 198 196
199 200 201 199
202 203 204 202
205 206 207 205
208 209 210 208
211 212 213 211
214 215 216 214
217 218 219 217
220 221 222 220
223 224 225 223
226 227 228 226
229 230 231 229
232 233 234 232
235 236 237 235
238 239 240 238
241 242 243 241
244 245 246 244
247 248 249 247
250 251 252 250
253 254 255 253
256 257 258 256
259 260 261 259
262 263 264 262
265 266 267 265
268 269 270 268
271 272 273 271
274 275 276 274
277 278 279 277
280 281 282 280
283 284 285 283
286 287 288 286
289 290 291 289
292 293 294 292
295 296 297 295
298 299 300 298
301 302 303 301
304 305 306 304
307 308 309 307
310 311 312 310
313 314 315 313
316 317 318 316
319 320 321 319
322 323 324 322
325 326 327 325
328 329 330 328
331 332 333 331
334 335 336 334
337 338 339 337
340 341 342 340
343 344 345 343
346 347 348 346
349 350 351 349
352 353 354 352
355 356 357 355
358 359 360 358
361 362 363 361
364 365 366 364
367 368 369 367
370 371 372 370
373 374 375 373
376 377 378 376
379 380 381 379
382 383 384 382
385 386 387 385
388 389 390 388
391 392 393 391
394 395 396 394
397 398 399 397
400 401 402 400
403 404 405 403
406 407 408 406
409 410 411 409
412 413 414 412
415 416 417 415
418 419 420 418
421 422 423 421
424 425 426 424
427 428 429 427
430 431 432 430
433 434 435 433
436 437 438 436
439 440 441 439
442 443 444 442
445 446 447 445
448 449 450 448
