600 # number of points
422 483
426 511
403 503
375 325
368 326
395 297
419 477
418 475
427 491
214 461
200 463
235 454
93 188
101 184
115 189
191 390
165 411
182 394
301 329
275 315
324 328
272 252
286 261
258 278
356 500
329 473
381 471
83 185
80 187
99 169
236 67
241 70
232 67
221 75
231 69
246 82
26 293
8 315
21 290
315 31
302 34
330 13
186 424
193 404
191 433
473 59
462 71
474 36
76 117
76 135
51 95
506 284
498 310
485 265
341 175
348 192
336 199
135 24
108 22
107 10
184 303
187 327
181 309
259 444
283 434
245 455
260 10
240 2
288 7
215 151
244 150
233 156
150 68
170 63
150 95
240 347
247 353
262 368
251 389
228 379
279 388
427 237
408 231
448 235
23 251
46 263
35 265
464 2
472 15
464 21
326 22
336 23
310 42
305 248
307 238
305 262
17 113
22 134
11 91
29 50
4 41
50 50
192 484
221 474
178 496
353 328
369 337
373 345
296 500
315 481
302 499
166 2
170 26
148 3
22 67
51 67
26 83
488 396
486 419
477 377
133 59
107 39
158 43
144 489
170 462
160 483
503 454
478 461
510 447
494 154
466 127
494 153
57 178
50 204
57 154
133 139
111 137
151 120
72 483
44 454
84 494
259 457
254 475
246 464
489 78
491 57
503 86
298 140
285 140
290 130
443 412
427 427
418 402
251 323
248 319
277 329
280 467
263 452
298 449
335 329
322 337
343 308
85 242
109 246
113 270
109 311
106 316
97 328
120 309
122 329
114 316
203 106
218 135
200 123
72 421
54 404
98 441
447 423
444 396
457 418
509 510
510 485
511 492
428 126
399 121
450 129
340 286
360 304
338 306
123 472
145 480
111 478
271 354
255 337
289 327
251 364
258 375
244 377
249 273
241 299
253 249
177 377
167 348
206 357
280 486
297 484
294 502
172 442
165 427
172 414
269 220
270 227
258 198
180 180
188 164
201 202
455 353
441 345
456 341
143 103
139 116
120 90
216 347
240 369
212 349
261 40
242 61
257 15
413 339
417 353
398 314
136 302
136 292
139 325
363 230
336 218
370 207
352 173
354 165
381 159
418 294
421 280
438 271
469 90
496 115
440 76
274 403
279 389
290 381
383 177
384 161
386 181
309 357
290 369
337 336
436 439
441 428
458 436
7 336
28 309
14 350
152 390
134 390
164 375
70 17
48 10
45 5
307 57
301 83
280 84
49 249
72 270
42 249
496 490
470 465
492 471
41 202
49 231
31 208
74 333
58 317
57 310
323 499
331 498
336 507
315 1
309 16
303 27
74 145
86 164
57 152
343 431
321 449
357 409
410 373
407 394
409 357
120 377
124 406
104 402
85 281
114 305
64 272
48 498
54 492
46 501
86 463
78 481
66 460
477 231
471 237
463 209
412 428
391 443
404 418
319 213
332 233
299 228
122 415
140 402
141 411
212 388
229 371
212 406
121 175
126 146
117 201
160 242
160 233
182 237
389 23
378 2
414 29
239 265
222 250
220 241
343 6
347 24
342 28
9 494
31 486
25 495
468 168
453 141
479 169
195 256
198 274
192 241
357 240
359 256
339 264
391 70
382 85
388 63
293 17
284 17
305 0
223 195
240 191
233 218
233 423
234 424
219 430
346 407
328 411
320 402
325 386
320 392
304 378
286 150
297 166
286 160
20 228
15 228
16 224
126 239
128 249
117 223
104 133
96 136
106 106
141 147
151 147
147 171
481 194
471 197
459 170
90 266
87 271
74 259
350 338
343 336
349 318
193 163
210 140
209 157
452 187
452 208
432 185
430 2
428 20
409 9
229 395
233 398
247 423
174 320
145 334
174 291
238 510
228 504
252 501
89 303
76 320
64 275
217 492
242 498
208 503
274 127
297 98
274 140
412 184
429 209
385 170
89 235
90 208
113 246
419 152
406 164
393 128
332 273
347 280
344 279
464 234
479 249
447 220
283 420
284 426
266 410
345 372
327 346
371 393
262 294
285 314
255 292
167 207
178 214
160 207
187 56
212 63
183 58
213 308
201 293
242 310
290 333
298 353
286 349
497 342
497 351
483 326
276 507
287 503
272 509
256 83
276 85
255 84
139 439
145 463
135 440
449 59
468 37
471 36
1 290
0 310
2 267
75 36
50 60
97 14
440 392
434 400
425 386
33 363
11 391
29 360
347 106
374 97
343 114
323 375
324 349
348 388
359 32
374 54
364 46
393 63
404 64
395 83
326 91
315 91
328 76
449 298
451 301
426 285
362 233
384 238
381 253
172 36
197 49
180 53
293 188
291 210
294 171
129 318
136 346
123 298
475 265
471 260
496 247
348 126
373 119
354 131
8 193
11 173
36 171
329 101
338 124
311 100
466 423
478 447
459 436
261 40
276 30
274 62
131 355
146 340
138 369
506 40
485 47
497 32
80 189
96 189
57 200
209 32
215 12
231 34
132 118
129 119
111 104
490 326
486 306
506 335
17 49
21 59
1 72
440 440
458 464
430 460
100 503
104 498
122 480
104 463
132 442
105 477
419 72
434 88
401 78
244 162
248 172
220 157
267 148
271 152
244 141
82 432
73 460
55 430
194 228
210 233
176 244
281 281
293 266
296 268
116 381
102 397
114 382
208 251
195 241
217 257
361 393
364 393
363 401
194 215
178 222
169 215
83 144
76 140
90 134
396 8
381 0
410 10
197 473
174 491
175 475
200 # number of triangles
1 2 3 1
4 5 6 4
7 8 9 7
10 11 12 10
13 14 15 13
16 17 18 16
19 20 21 19
22 23 24 22
25 26 27 25
28 29 30 28
31 32 33 31
34 35 36 34
37 38 39 37
40 41 42 40
43 44 45 43
46 47 48 46
49 50 51 49
52 53 54 52
55 56 57 55
58 59 60 58
61 62 63 61
64 65 66 64
67 68 69 67
70 71 72 70
73 74 75 73
76 77 78 76
79 80 81 79
82 83 84 82
85 86 87 85
88 89 90 88
91 92 93 91
94 95 96 94
97 98 99 97
100 101 102 100
103 104 105 103
106 107 108 106
109 110 111 109
112 113 114 112
115 116 117 115
118 119 120 118
121 122 123 121
124 125 126 124
127 128 129 127
130 131 132 130
133 134 135 133
136 137 138 136
139 140 141 139
142 143 144 142
145 146 147 145
148 149 150 148
151 152 153 151
154 155 156 154
157 158 159 157
160 161 162 160
163 164 165 163
166 167 168 166
169 170 171 169
172 173 174 172
175 176 177 175
178 179 180 178
181 182 183 181
184 185 186 184
187 188 189 187
190 191 192 190
193 194 195 193
196 197 198 196
199 200 201 199
202 203 204 202
205 206 207 205
208 209 210 208
211 212 213 211
214 215 216 214
217 218 219 217
220 221 222 220
223 224 225 223
226 227 228 226
229 230 231 229
232 233 234 232
235 236 237 235
238 239 240 238
241 242 243 241
244 245 246 244
247 248 249 247
250 251 252 250
253 254 255 253
256 257 258 256
259 260 261 259
262 263 264 262
265 266 267 265
268 269 270 268
271 272 273 271
274 275 276 274
277 278 279 277
280 281 282 280
283 284 285 283
286 287 288 286
289 290 291 289
292 293 294 292
295 296 297 295
298 299 300 298
301 302 303 301
304 305 306 304
307 308 309 307
310 311 312 310
313 314 315 313
316 317 318 316
319 320 321 319
322 323 324 322
325 326 327 325
328 329 330 328
331 332 333 331
334 335 336 334
337 338 339 337
340 341 342 340
343 344 345 343
346 347 348 346
349 350 351 349
352 353 354 352
355 356 357 355
358 359 360 358
361 362 363 361
364 365 366 364
367 368 369 367
370 371 372 370
373 374 375 373
376 377 378 376
379 380 381 379
382 383 384 382
385 386 387 385
388 389 390 388
391 392 393 391
394 395 396 394
397 398 399 397
400 401 402 400
403 404 405 403
406 407 408 406
409 410 411 409
412 413 414 412
415 416 417 415
418 419 420 418
421 422 423 421
424 425 426 424
427 428 429 427
430 431 432 430
433 434 435 433
436 437 438 436
439 440 441 439
442 443 444 442
445 446 447 445
448 449 450 448
451 452 453 451
454 455 456 454
457 458 459 457
460 461 462 460
463 464 465 463
466 467 468 466
469 470 471 469
472 473 474 472
475 476 477 475
478 479 480 478
481 482 483 481
484 485 486 484
487 488 489 487
490 491 492 490
493 494 495 493
496 497 498 496
499 500 501 499
502 503 504 502
505 506 507 505
508 509 510 508
511 512 513 511
514 515 516 514
517 518 519 517
520 521 522 520
523 524 525 523
526 527 528 526
529 530 531 529
532 533 534 532
535 536 537 535
538 539 540 538
541 542 543 541
544 545 546 544
547 548 549 547
550 551 552 550
553 554 555 553
556 557 558 556
559 560 561 559
562 563 564 562
565 566 567 565
568 569 570 568
571 572 573 571
574 575 576 574
577 578 579 577
580 581 582 580
583 584 585 583
586 587 588 586
589 590 591 589
592 593 594 592
595 596 597 595
598 599 600 598
